12482
12481
12480
12479
12478
12477
12476
12471
12470
12469
4601
3972
3954
3910
3909
3797
3796
3566
3565
3563
3510
3509
3504
3503
3472
3471
3470
3469
3467
3466
SenzorComunarzi-Castanului
3463
3462
3461
3460
3458
3450
3448
3447
3446
3444
3393
3386
3383
3381
2968
2967
2914
2879
2774
2755
2750
2748
2729
2708
2358
2357
2207
2204
2203
2201
2200
2199
SenzorChisinau-Titulescu
2197
2182
2180
2179
SenzorCernauti-Sebesului
1996
1992
1991
1990
1989
1984
1877
SenzorComunarzi-NatVech
1875
1874
1873
1872
1661
1657
1656
1652
1649
1646
1645
1644
1642
1641
1640
1638
1637
1636
1635
1634
1632
1628
1627
1623
1618
1616
1610
1606
1605
1421
1420
1419
1415
1414
1413
1406
1405
1404
1224
267
PT1
PT2
PT3
PT4
